1 1.32461
2 0.908069
3 0.624181
4 0.429614
5 0.296466
6 0.20451
7 0.141643
8 0.0984713
9 0.0685469
10 0.047768
11 0.0334356
12 0.0237715
13 0.0172037
14 0.0120516
15 0.0083587
16 0.00583145
1 1.32627
2 0.90892
3 0.625042
4 0.43033
5 0.296161
6 0.203304
7 0.140028
8 0.0961359
9 0.0661731
10 0.0451273
11 0.0309255
12 0.0216394
13 0.0151265
14 0.0100843
15 0.00609317
16 0.00408514
1 1.32534
2 0.908454
3 0.624762
4 0.430274
5 0.296027
6 0.203387
7 0.140121
8 0.0965446
9 0.0660482
10 0.0453299
11 0.0315871
12 0.0215711
13 0.0149827
14 0.0101683
15 0.00743354
16 0.00547286
1 1.32652
2 0.909968
3 0.626608
4 0.431908
5 0.29755
6 0.204701
7 0.140571
8 0.0965549
9 0.066345
10 0.0455404
11 0.0313642
12 0.0209161
13 0.0132352
14 0.00798057
15 0.00507309
16 0.0030579
1 1.32348
2 0.907733
3 0.6237
4 0.429015
5 0.295916
6 0.203577
7 0.140327
8 0.0964657
9 0.0659397
10 0.0454057
11 0.0313832
12 0.0210115
13 0.0141331
14 0.00894669
15 0.00596968
16 0.00366542
1 1.32262
2 0.906904
3 0.623059
4 0.428646
5 0.295254
6 0.202971
7 0.139056
8 0.0954141
9 0.0657495
10 0.0453129
11 0.0313165
12 0.0212217
13 0.014487
14 0.00979185
15 0.00629888
16 0.0044062
1 1.32583
2 0.908182
3 0.624511
4 0.429484
5 0.296156
6 0.204282
7 0.14087
8 0.0971963
9 0.0674405
10 0.0464619
11 0.0315305
12 0.0218
13 0.0146938
14 0.00983368
15 0.00661155
16 0.00420228
1 1.32573
2 0.910094
3 0.626318
4 0.431357
5 0.297341
6 0.204284
7 0.139708
8 0.0954712
9 0.0655718
10 0.0448886
11 0.0311041
12 0.0212757
13 0.0148495
14 0.0100174
15 0.00677575
16 0.00447566
1 1.32613
2 0.909999
3 0.626625
4 0.431805
5 0.297421
6 0.204897
7 0.141209
8 0.0970903
9 0.0664692
10 0.0454366
11 0.0314676
12 0.0217037
13 0.014118
14 0.00951951
15 0.006329
16 0.00412427
1 1.32526
2 0.90914
3 0.625953
4 0.431412
5 0.297359
6 0.205022
7 0.141169
8 0.0974085
9 0.0671346
10 0.046574
11 0.0324536
12 0.0228041
13 0.0157228
14 0.0105093
15 0.00681783
16 0.00469246
1 1.32473
2 0.909523
3 0.626547
4 0.431572
5 0.297524
6 0.205551
7 0.142348
8 0.0983501
9 0.0681448
10 0.0480702
11 0.0339755
12 0.0237123
13 0.0168011
14 0.011938
15 0.00869325
16 0.00572569
1 1.32465
2 0.908223
3 0.624674
4 0.42993
5 0.295544
6 0.203143
7 0.139661
8 0.0956281
9 0.0655265
10 0.0452344
11 0.0315168
12 0.0216871
13 0.0154923
14 0.0106506
15 0.0072625
16 0.00505647
1 1.32536
2 0.909121
3 0.624998
4 0.430725
5 0.296376
6 0.203882
7 0.14027
8 0.0957755
9 0.06543
10 0.0443995
11 0.0302064
12 0.0200167
13 0.0131418
14 0.00867824
15 0.00578726
16 0.00365408
1 1.32286
2 0.905718
3 0.621749
4 0.427117
5 0.29402
6 0.202288
7 0.139372
8 0.095831
9 0.0663552
10 0.0459788
11 0.0320559
12 0.0225017
13 0.0156551
14 0.010839
15 0.00776499
16 0.00573722
1 1.32554
2 0.909491
3 0.62582
4 0.430214
5 0.295456
6 0.203613
7 0.140103
8 0.0964042
9 0.0660644
10 0.0455341
11 0.0308897
12 0.0208463
13 0.0141985
14 0.0095065
15 0.00640312
16 0.00471344
1 1.32357
2 0.907762
3 0.62421
4 0.429479
5 0.295123
6 0.202681
7 0.139857
8 0.0958526
9 0.0653612
10 0.0444915
11 0.0302758
12 0.0204331
13 0.0134511
14 0.00840224
15 0.00510205
16 0.00281337
1 1.32565
2 0.910411
3 0.626401
4 0.431122
5 0.296685
6 0.204482
7 0.141087
8 0.097844
9 0.0681301
10 0.0470392
11 0.0322249
12 0.0225044
13 0.0155436
14 0.0110551
15 0.00735285
16 0.00488929
1 1.32427
2 0.906763
3 0.622412
4 0.428133
5 0.29378
6 0.201564
7 0.138102
8 0.0948722
9 0.0651811
10 0.044907
11 0.031675
12 0.0222822
13 0.0154809
14 0.0108691
15 0.00740985
16 0.00484338
1 1.3237
2 0.907461
3 0.624157
4 0.429263
5 0.294926
6 0.202569
7 0.139136
8 0.094879
9 0.0651124
10 0.0445402
11 0.0304401
12 0.021087
13 0.014592
14 0.0103117
15 0.00732213
16 0.00506802
1 1.32303
2 0.905883
3 0.622037
4 0.427762
5 0.294107
6 0.202524
7 0.139235
8 0.0962707
9 0.0667873
10 0.046536
11 0.0322229
12 0.0217325
13 0.0142733
14 0.00908903
15 0.00545456
16 0.00305198
1 1.32376
2 0.907384
3 0.623981
4 0.429847
5 0.295633
6 0.202527
7 0.13869
8 0.0953959
9 0.0652131
10 0.0446409
11 0.0311401
12 0.0216465
13 0.0144786
14 0.0101827
15 0.00662674
16 0.00425355
1 1.32393
2 0.907219
3 0.623665
4 0.429441
5 0.296323
6 0.205232
7 0.142466
8 0.0986065
9 0.0680525
10 0.0469715
11 0.0320747
12 0.0215279
13 0.0142402
14 0.00946092
15 0.00628823
16 0.00426525
1 1.32677
2 0.910206
3 0.626565
4 0.431453
5 0.296933
6 0.204064
7 0.1406
8 0.0970271
9 0.0669799
10 0.045804
11 0.0315111
12 0.0220848
13 0.0154359
14 0.0108626
15 0.00764193
16 0.00549692
1 1.32499
2 0.908851
3 0.625501
4 0.43059
5 0.296271
6 0.203631
7 0.139367
8 0.0956632
9 0.0656836
10 0.0451659
11 0.031203
12 0.0219367
13 0.0154396
14 0.0104864
15 0.00709572
16 0.00475318
1 1.32468
2 0.908573
3 0.62498
4 0.430257
5 0.295895
6 0.203164
7 0.139445
8 0.0961825
9 0.0662517
10 0.0460934
11 0.0319008
12 0.021441
13 0.0143209
14 0.00962388
15 0.00637066
16 0.00430308
1 1.32525
2 0.907687
3 0.623211
4 0.428344
5 0.293877
6 0.201844
7 0.138006
8 0.0941946
9 0.0645887
10 0.0444836
11 0.0311965
12 0.0214987
13 0.0146362
14 0.00988358
15 0.00678066
16 0.00520195
1 1.32369
2 0.907766
3 0.62415
4 0.429536
5 0.295561
6 0.203045
7 0.138965
8 0.0948656
9 0.0654112
10 0.0448631
11 0.0306084
12 0.021427
13 0.0146147
14 0.0104675
15 0.00745231
16 0.00568944
1 1.32309
2 0.906375
3 0.622864
4 0.428697
5 0.294755
6 0.202932
7 0.13986
8 0.0961811
9 0.0660871
10 0.0454881
11 0.0312903
12 0.0220236
13 0.0154698
14 0.0108034
15 0.00776824
16 0.00517836
1 1.32605
2 0.908366
3 0.623666
4 0.428843
5 0.295269
6 0.203138
7 0.139806
8 0.0958093
9 0.0654424
10 0.0443407
11 0.029527
12 0.0199536
13 0.0138029
14 0.00963824
15 0.00659512
16 0.00474163
1 1.32528
2 0.909535
3 0.626452
4 0.432189
5 0.298937
6 0.206545
7 0.142471
8 0.0983509
9 0.0680217
10 0.0469223
11 0.0321407
12 0.0219141
13 0.0145612
14 0.00960927
15 0.00641193
16 0.00458032
1 1.32258
2 0.907256
3 0.624401
4 0.430335
5 0.297141
6 0.205141
7 0.141404
8 0.0976587
9 0.0671883
10 0.0456781
11 0.0309607
12 0.020547
13 0.0140772
14 0.00953991
15 0.0060591
16 0.00404765
1 1.32334
2 0.90617
3 0.623024
4 0.428654
5 0.294792
6 0.202444
7 0.139601
8 0.0961426
9 0.0657892
10 0.0448821
11 0.0307853
12 0.0208595
13 0.0144128
14 0.0100142
15 0.00660652
16 0.00432876
1 1.32325
2 0.906528
3 0.623043
4 0.428095
5 0.294047
6 0.20188
7 0.138608
8 0.0953034
9 0.0659425
10 0.0461371
11 0.0318875
12 0.0222265
13 0.0156954
14 0.0108375
15 0.00720662
16 0.00432936
1 1.32305
2 0.906862
3 0.623771
4 0.429666
5 0.29597
6 0.204016
7 0.140211
8 0.096741
9 0.0667022
10 0.0459153
11 0.0319809
12 0.0219338
13 0.0155928
14 0.0109487
15 0.00733942
16 0.00533909
1 1.32456
2 0.908397
3 0.624531
4 0.429294
5 0.294623
6 0.202456
7 0.139063
8 0.0951991
9 0.0642498
10 0.0439187
11 0.0296668
12 0.0201189
13 0.013349
14 0.00933124
15 0.006363
16 0.00413455
1 1.32439
2 0.908304
3 0.625029
4 0.430009
5 0.295891
6 0.20368
7 0.139764
8 0.0960707
9 0.0657374
10 0.0452425
11 0.0311997
12 0.0211735
13 0.0144751
14 0.0097948
15 0.00644906
16 0.00409825
1 1.32486
2 0.908649
3 0.624795
4 0.430041
5 0.295458
6 0.203025
7 0.139711
8 0.0964697
9 0.0661717
10 0.0451102
11 0.0305699
12 0.0205751
13 0.0136338
14 0.00926521
15 0.00618303
16 0.00403819
1 1.32487
2 0.907705
3 0.623942
4 0.429229
5 0.295429
6 0.203115
7 0.139718
8 0.095849
9 0.0658149
10 0.0452108
11 0.0307007
12 0.0211836
13 0.0143485
14 0.0094794
15 0.0066921
16 0.00447487
1 1.32317
2 0.9066
3 0.62258
4 0.428036
5 0.294543
6 0.202785
7 0.139584
8 0.0956742
9 0.0655783
10 0.0454564
11 0.0316053
12 0.0214305
13 0.0144217
14 0.00952629
15 0.00676615
16 0.00453262
1 1.3234
2 0.906808
3 0.623362
4 0.42894
5 0.29505
6 0.203498
7 0.140228
8 0.096423
9 0.0667178
10 0.0467699
11 0.0325857
12 0.022461
13 0.0152036
14 0.0104178
15 0.00711826
16 0.00501137
1 1.32421
2 0.907941
3 0.624931
4 0.429883
5 0.295466
6 0.202997
7 0.139789
8 0.0958604
9 0.0657881
10 0.0454509
11 0.0315121
12 0.022
13 0.0155282
14 0.0105695
15 0.00709546
16 0.00536989
1 1.32415
2 0.906579
3 0.622505
4 0.427478
5 0.29402
6 0.20203
7 0.138869
8 0.0953967
9 0.065436
10 0.0447789
11 0.0307457
12 0.0207313
13 0.0138893
14 0.00950751
15 0.00688343
16 0.00510964
1 1.32424
2 0.90774
3 0.623828
4 0.429477
5 0.295778
6 0.203783
7 0.139829
8 0.0956808
9 0.0659387
10 0.0455264
11 0.0312731
12 0.0211965
13 0.0144455
14 0.00977739
15 0.00623152
16 0.00389428
1 1.32429
2 0.908346
3 0.624708
4 0.430129
5 0.296241
6 0.203875
7 0.140257
8 0.0963134
9 0.067298
10 0.0467949
11 0.031822
12 0.0219878
13 0.0150423
14 0.0103742
15 0.00661743
16 0.00429769
1 1.32453
2 0.908927
3 0.624716
4 0.429546
5 0.295705
6 0.204065
7 0.14048
8 0.0966762
9 0.0668772
10 0.0460435
11 0.0318626
12 0.0225309
13 0.0156437
14 0.0110048
15 0.00745199
16 0.00476958
1 1.32397
2 0.908732
3 0.625734
4 0.431298
5 0.297729
6 0.205415
7 0.141682
8 0.097323
9 0.066478
10 0.0457936
11 0.0319369
12 0.0222028
13 0.0160512
14 0.0116991
15 0.00858454
16 0.0064092
1 1.32308
2 0.906795
3 0.6235
4 0.428334
5 0.294136
6 0.202037
7 0.138944
8 0.0959811
9 0.0665977
10 0.046818
11 0.0330228
12 0.0229655
13 0.0165128
14 0.0110566
15 0.00744975
16 0.00465666
1 1.32333
2 0.907092
3 0.623377
4 0.429102
5 0.29509
6 0.202651
7 0.139038
8 0.0951622
9 0.0650518
10 0.044889
11 0.0306492
12 0.0208043
13 0.0139225
14 0.00920334
15 0.00600128
16 0.00360887
1 1.32447
2 0.907608
3 0.624111
4 0.429053
5 0.295397
6 0.203423
7 0.14019
8 0.0970916
9 0.0677366
10 0.0476343
11 0.0333422
12 0.0231889
13 0.0159608
14 0.0104928
15 0.00695698
16 0.00473279
1 1.32444
2 0.90826
3 0.624279
4 0.428986
5 0.294676
6 0.20176
7 0.138153
8 0.0947107
9 0.0647324
10 0.0436265
11 0.0294012
12 0.0200165
13 0.0138475
14 0.00955394
15 0.00706503
16 0.00506352
1 1.32272
2 0.906531
3 0.623181
4 0.428614
5 0.294899
6 0.202898
7 0.139186
8 0.0956185
9 0.0655574
10 0.0455207
11 0.0320725
12 0.0223783
13 0.0149172
14 0.0100269
15 0.00676997
16 0.00495608
1 1.32599
2 0.909304
3 0.625152
4 0.430158
5 0.295773
6 0.203281
7 0.1391
8 0.0957917
9 0.0658958
10 0.0453108
11 0.0315464
12 0.0223229
13 0.0155799
14 0.0108095
15 0.00735818
16 0.00531063
1 1.32412
2 0.907551
3 0.624071
4 0.42959
5 0.295979
6 0.203726
7 0.140105
8 0.0962678
9 0.0660368
10 0.0453505
11 0.0312374
12 0.0218111
13 0.0155079
14 0.0113183
15 0.00792401
16 0.0056071
1 1.3248
2 0.908116
3 0.623709
4 0.428301
5 0.293937
6 0.201841
7 0.138692
8 0.0953707
9 0.0655912
10 0.0447882
11 0.0304917
12 0.0201341
13 0.0127361
14 0.00817086
15 0.00510239
16 0.0026518
1 1.32555
2 0.909635
3 0.625628
4 0.430961
5 0.296976
6 0.204886
7 0.141586
8 0.097848
9 0.0679061
10 0.0474544
11 0.0335922
12 0.0239598
13 0.0171234
14 0.0123595
15 0.00860877
16 0.00601953
1 1.32375
2 0.907183
3 0.623319
4 0.428511
5 0.294424
6 0.202321
7 0.139102
8 0.0953441
9 0.065333
10 0.0445682
11 0.0307089
12 0.0211589
13 0.0143109
14 0.00961479
15 0.00655489
16 0.00444745
1 1.32438
2 0.907733
3 0.623883
4 0.428069
5 0.293829
6 0.201898
7 0.13894
8 0.0954898
9 0.0658232
10 0.0450665
11 0.030405
12 0.0205017
13 0.0140743
14 0.0102161
15 0.00765486
16 0.00560489
1 1.32489
2 0.909688
3 0.626994
4 0.432775
5 0.298371
6 0.205631
7 0.141745
8 0.0974434
9 0.0666351
10 0.0453848
11 0.0313608
12 0.0215011
13 0.0146708
14 0.00964206
15 0.00676094
16 0.00435135
1 1.32565
2 0.910085
3 0.627155
4 0.432879
5 0.29938
6 0.207372
7 0.143793
8 0.099925
9 0.0696291
10 0.048812
11 0.0340394
12 0.0233895
13 0.0162443
14 0.0116355
15 0.00831084
16 0.006059
1 1.32585
2 0.910344
3 0.626459
4 0.431658
5 0.296717
6 0.20426
7 0.14109
8 0.0977818
9 0.0677437
10 0.0468338
11 0.0317701
12 0.0212717
13 0.0140183
14 0.0100274
15 0.00662547
16 0.00387058
1 1.32523
2 0.910222
3 0.626192
4 0.430768
5 0.296478
6 0.203695
7 0.139687
8 0.0960525
9 0.0657611
10 0.0449525
11 0.0303725
12 0.0210447
13 0.0148595
14 0.0108586
15 0.00817421
16 0.00592532
1 1.32529
2 0.907335
3 0.623801
4 0.428865
5 0.294361
6 0.202094
7 0.13856
8 0.0951368
9 0.0648716
10 0.0441304
11 0.0297151
12 0.019563
13 0.0131999
14 0.00862076
15 0.00521457
16 0.00300177
1 1.32372
2 0.907715
3 0.623894
4 0.429004
5 0.294931
6 0.202772
7 0.139275
8 0.0953488
9 0.0656646
10 0.0446889
11 0.0305181
12 0.0210367
13 0.0148204
14 0.0103997
15 0.00684779
16 0.00420606
1 1.32532
2 0.908891
3 0.625206
4 0.430828
5 0.296888
6 0.204352
7 0.140729
8 0.0970651
9 0.0673781
10 0.0460097
11 0.0317412
12 0.0212465
13 0.0147136
14 0.0101121
15 0.00634296
16 0.00341083
1 1.32364
2 0.90732
3 0.623885
4 0.429455
5 0.29542
6 0.20298
7 0.138961
8 0.0955623
9 0.0656853
10 0.0452533
11 0.0308443
12 0.0209996
13 0.0146885
14 0.0101988
15 0.00728293
16 0.00537115
1 1.32399
2 0.907904
3 0.624661
4 0.430196
5 0.295998
6 0.20357
7 0.140223
8 0.0972815
9 0.0671535
10 0.0463198
11 0.0316506
12 0.0218906
13 0.015112
14 0.0100486
15 0.00684496
16 0.00455631
1 1.3247
2 0.907387
3 0.624026
4 0.42976
5 0.296001
6 0.203751
7 0.139983
8 0.0960105
9 0.0655101
10 0.0444026
11 0.0304896
12 0.0204363
13 0.0131399
14 0.0085641
15 0.00541889
16 0.00346807
1 1.32525
2 0.908155
3 0.624087
4 0.428897
5 0.29623
6 0.204676
7 0.141567
8 0.0973126
9 0.0669896
10 0.0458491
11 0.0309412
12 0.0210206
13 0.0144689
14 0.00976455
15 0.00671266
16 0.00467539
1 1.32498
2 0.909028
3 0.624804
4 0.430516
5 0.29643
6 0.203749
7 0.140376
8 0.0968975
9 0.0664148
10 0.0453133
11 0.0310514
12 0.0213211
13 0.0147075
14 0.0104843
15 0.00723722
16 0.00496061
1 1.32511
2 0.908832
3 0.625514
4 0.431056
5 0.296661
6 0.203885
7 0.140367
8 0.096447
9 0.0659339
10 0.0448867
11 0.0306832
12 0.0210446
13 0.0145658
14 0.0102666
15 0.00732272
16 0.00501115
1 1.32655
2 0.909592
3 0.625673
4 0.430826
5 0.296968
6 0.205522
7 0.142543
8 0.0988861
9 0.0686472
10 0.0475421
11 0.0324222
12 0.0220141
13 0.0151949
14 0.0100506
15 0.00669183
16 0.00447116
1 1.32652
2 0.910827
3 0.627159
4 0.432133
5 0.298194
6 0.20585
7 0.141914
8 0.0978227
9 0.0675876
10 0.0463225
11 0.0321003
12 0.0219067
13 0.0148598
14 0.009878
15 0.00662909
16 0.0044255
1 1.32587
2 0.908396
3 0.62422
4 0.428708
5 0.294358
6 0.202199
7 0.13925
8 0.0954185
9 0.0655729
10 0.0450333
11 0.0311638
12 0.0223201
13 0.0157413
14 0.0111495
15 0.00829656
16 0.00625036
1 1.32349
2 0.906988
3 0.623157
4 0.42907
5 0.295715
6 0.203795
7 0.14058
8 0.0964494
9 0.0657853
10 0.0444703
11 0.0298257
12 0.0202353
13 0.0136074
14 0.00981718
15 0.00682163
16 0.00489118
1 1.32504
2 0.908416
3 0.624526
4 0.429856
5 0.29577
6 0.203446
7 0.140167
8 0.0966298
9 0.067098
10 0.0470626
11 0.0327746
12 0.0228628
13 0.0157014
14 0.0108354
15 0.00769723
16 0.00544871
1 1.32611
2 0.910221
3 0.626763
4 0.432255
5 0.298239
6 0.205801
7 0.141825
8 0.0980109
9 0.0678895
10 0.0470438
11 0.0323638
12 0.0228162
13 0.0163842
14 0.0112365
15 0.00719872
16 0.004984
1 1.32789
2 0.91099
3 0.626993
4 0.4318
5 0.297399
6 0.204609
7 0.140809
8 0.0967966
9 0.0665924
10 0.0460066
11 0.031596
12 0.0215394
13 0.0148156
14 0.00990948
15 0.00681904
16 0.00469828
1 1.32571
2 0.908749
3 0.624636
4 0.430039
5 0.296341
6 0.204029
7 0.140667
8 0.0973193
9 0.0672442
10 0.0461061
11 0.0313084
12 0.0215785
13 0.0147826
14 0.0103482
15 0.00701367
16 0.00503045
1 1.32247
2 0.906574
3 0.62256
4 0.428068
5 0.29429
6 0.20223
7 0.138936
8 0.0952293
9 0.0652403
10 0.0445284
11 0.0309059
12 0.021401
13 0.0150354
14 0.0103293
15 0.00658735
16 0.00441363
1 1.32492
2 0.908461
3 0.625247
4 0.429766
5 0.295058
6 0.202846
7 0.139834
8 0.0956683
9 0.0652313
10 0.0440629
11 0.0300771
12 0.0205278
13 0.0140482
14 0.00988798
15 0.00713507
16 0.00545997
1 1.32332
2 0.90721
3 0.623508
4 0.428544
5 0.294606
6 0.202466
7 0.139734
8 0.0963223
9 0.0662304
10 0.0452302
11 0.0308332
12 0.0211232
13 0.0139839
14 0.00904518
15 0.00526064
16 0.0026579
1 1.32531
2 0.908773
3 0.62506
4 0.430534
5 0.296829
6 0.205138
7 0.141934
8 0.098427
9 0.0681688
10 0.0472565
11 0.0327123
12 0.0224749
13 0.0153326
14 0.0102819
15 0.0067724
16 0.00443678
1 1.32634
2 0.909739
3 0.625486
4 0.430488
5 0.296691
6 0.204794
7 0.141555
8 0.0975655
9 0.0668904
10 0.0460233
11 0.0319547
12 0.0224199
13 0.0153084
14 0.0107839
15 0.00746987
16 0.00501818
1 1.32617
2 0.909324
3 0.624966
4 0.429418
5 0.295651
6 0.203956
7 0.140389
8 0.0969573
9 0.0670971
10 0.0466093
11 0.0323855
12 0.0219741
13 0.0149846
14 0.0103982
15 0.00677287
16 0.00404543
1 1.32422
2 0.908752
3 0.625533
4 0.431513
5 0.297601
6 0.205305
7 0.142232
8 0.0983894
9 0.0684808
10 0.047762
11 0.0333881
12 0.0233899
13 0.0167197
14 0.0114763
15 0.00829192
16 0.00620313
1 1.32571
2 0.909082
3 0.625215
4 0.430403
5 0.296361
6 0.20374
7 0.139443
8 0.09589
9 0.065632
10 0.044858
11 0.0304662
12 0.0207046
13 0.0138597
14 0.00938406
15 0.00611231
16 0.00440687
1 1.32418
2 0.906885
3 0.623179
4 0.42853
5 0.294494
6 0.201908
7 0.138909
8 0.0955302
9 0.0655055
10 0.0445847
11 0.0299931
12 0.020117
13 0.0131768
14 0.00850202
15 0.00517679
16 0.00305365
1 1.32519
2 0.908787
3 0.624601
4 0.429737
5 0.295879
6 0.203889
7 0.140248
8 0.0968824
9 0.0671295
10 0.0466786
11 0.0327254
12 0.0225386
13 0.0152675
14 0.0105129
15 0.00682078
16 0.00437786
1 1.32456
2 0.90715
3 0.623138
4 0.428052
5 0.293807
6 0.201449
7 0.138614
8 0.0954348
9 0.0662041
10 0.0455264
11 0.0313566
12 0.0216493
13 0.0146955
14 0.0102164
15 0.00680371
16 0.00434642
1 1.32588
2 0.908478
3 0.624664
4 0.429406
5 0.295412
6 0.203535
7 0.140148
8 0.0967069
9 0.0666265
10 0.0455603
11 0.0310276
12 0.0213164
13 0.0148474
14 0.0100905
15 0.00730556
16 0.0050523
1 1.32414
2 0.908027
3 0.624168
4 0.429103
5 0.295407
6 0.203892
7 0.141213
8 0.0971449
9 0.0665143
10 0.0461036
11 0.0318985
12 0.0217891
13 0.014707
14 0.0103689
15 0.00740457
16 0.00552093
1 1.32504
2 0.909132
3 0.626108
4 0.431772
5 0.297872
6 0.204927
7 0.141052
8 0.0972681
9 0.0668959
10 0.0461131
11 0.0324883
12 0.0226416
13 0.0156403
14 0.0106662
15 0.00655898
16 0.00404803
1 1.32618
2 0.910129
3 0.62714
4 0.432256
5 0.297949
6 0.205033
7 0.141319
8 0.0975995
9 0.0674321
10 0.0459616
11 0.0314158
12 0.021051
13 0.013886
14 0.00917424
15 0.00530995
16 0.00355692
1 1.32464
2 0.908759
3 0.625511
4 0.43053
5 0.296904
6 0.204477
7 0.141066
8 0.0968298
9 0.066702
10 0.0454522
11 0.0311165
12 0.0218265
13 0.0150028
14 0.0104778
15 0.00776401
16 0.00568729
1 1.32443
2 0.908115
3 0.624982
4 0.430108
5 0.296487
6 0.203884
7 0.140239
8 0.0968955
9 0.0667745
10 0.045915
11 0.0314107
12 0.0217526
13 0.0150114
14 0.0104775
15 0.00732105
16 0.00490891
1 1.32419
2 0.907357
3 0.623757
4 0.428842
5 0.294774
6 0.203207
7 0.139759
8 0.0960382
9 0.065564
10 0.0448552
11 0.0307551
12 0.0209266
13 0.0143758
14 0.0097105
15 0.00602515
16 0.00367597
1 1.32563
2 0.909471
3 0.625823
4 0.431755
5 0.297905
6 0.206263
7 0.142376
8 0.0983695
9 0.0685633
10 0.0480016
11 0.0335146
12 0.0231653
13 0.0157808
14 0.0108815
15 0.00690925
16 0.00397844
1 1.32511
2 0.908712
3 0.624451
4 0.429515
5 0.295137
6 0.202518
7 0.139143
8 0.0959055
9 0.066577
10 0.0461204
11 0.0319353
12 0.0217472
13 0.0150523
14 0.0102359
15 0.00773061
16 0.00557497
1 1.32643
2 0.909975
3 0.62661
4 0.431569
5 0.297769
6 0.20477
7 0.140619
8 0.0969262
9 0.066909
10 0.0456981
11 0.0314965
12 0.0222516
13 0.0159107
14 0.0113926
15 0.00852038
16 0.00611776
1 1.32309
2 0.906528
3 0.623123
4 0.429361
5 0.295661
6 0.20334
7 0.139697
8 0.0962127
9 0.0664276
10 0.045823
11 0.03178
12 0.0219689
13 0.0150166
14 0.0105904
15 0.00754655
16 0.00563339
1 1.32598
2 0.908939
3 0.624855
4 0.430006
5 0.296242
6 0.203855
7 0.14057
8 0.0974381
9 0.0669419
10 0.045488
11 0.030649
12 0.0200873
13 0.0136987
14 0.00902272
15 0.00577233
16 0.00355313
1 1.32554
2 0.90907
3 0.625171
4 0.430686
5 0.297535
6 0.205924
7 0.142592
8 0.0993046
9 0.0688307
10 0.0478851
11 0.0328018
12 0.0227264
13 0.0155836
14 0.0106686
15 0.00706324
16 0.00463946
1 1.32352
2 0.907125
3 0.623687
4 0.429225
5 0.29472
6 0.202681
7 0.139226
8 0.0956544
9 0.0660545
10 0.0453586
11 0.0314042
12 0.0215805
13 0.0151475
14 0.0106937
15 0.00731676
16 0.00492497
1 1.32383
2 0.908007
3 0.624487
4 0.42965
5 0.295387
6 0.20325
7 0.140032
8 0.0958856
9 0.0663317
10 0.0462709
11 0.0326627
12 0.0225091
13 0.0148389
14 0.0100293
15 0.00658353
16 0.00462157
1 1.32354
2 0.905763
3 0.622109
4 0.42707
5 0.292916
6 0.20071
7 0.137668
8 0.0944291
9 0.0649543
10 0.0452018
11 0.0314713
12 0.0211967
13 0.0143524
14 0.00996072
15 0.00686609
16 0.00491031
1 1.32116
2 0.904478
3 0.621297
4 0.4272
5 0.293523
6 0.201845
7 0.138922
8 0.09553
9 0.0653738
10 0.0450753
11 0.0314365
12 0.0218055
13 0.0153459
14 0.0112126
15 0.00803556
16 0.00634801
1 1.32353
2 0.906513
3 0.622861
4 0.42839
5 0.294396
6 0.20232
7 0.139133
8 0.096122
9 0.0662126
10 0.0454003
11 0.0314674
12 0.0214651
13 0.0143159
14 0.00970891
15 0.00653815
16 0.00392721
1 1.32553
2 0.909212
3 0.626073
4 0.431844
5 0.297968
6 0.206028
7 0.142403
8 0.0986589
9 0.0679462
10 0.0468394
11 0.0325795
12 0.022369
13 0.0151744
14 0.0104268
15 0.00695222
16 0.00394408
1 1.32309
2 0.906969
3 0.623616
4 0.428414
5 0.293884
6 0.20145
7 0.138357
8 0.0951262
9 0.0649461
10 0.0448132
11 0.0308534
12 0.0214971
13 0.0153278
14 0.0102781
15 0.0069849
16 0.00484518
1 1.32262
2 0.906233
3 0.622792
4 0.428141
5 0.294292
6 0.201882
7 0.138531
8 0.094845
9 0.0654408
10 0.0456782
11 0.0319038
12 0.0223918
13 0.0156414
14 0.0113469
15 0.00857988
16 0.00715548
1 1.32286
2 0.906209
3 0.622739
4 0.428032
5 0.294014
6 0.201594
7 0.138179
8 0.0953542
9 0.0658853
10 0.0455989
11 0.0316142
12 0.0219707
13 0.0153442
14 0.0108273
15 0.00826637
16 0.00585496
1 1.32584
2 0.909446
3 0.625795
4 0.430487
5 0.296545
6 0.204206
7 0.140608
8 0.0966976
9 0.0666699
10 0.0458804
11 0.031804
12 0.0224354
13 0.0154264
14 0.0110981
15 0.00789537
16 0.00531447
1 1.32433
2 0.906857
3 0.623154
4 0.428739
5 0.295233
6 0.203471
7 0.140404
8 0.097246
9 0.0674169
10 0.0467472
11 0.0321507
12 0.0219798
13 0.0151858
14 0.0108604
15 0.00852261
16 0.00622185
1 1.32418
2 0.907945
3 0.624264
4 0.430134
5 0.296559
6 0.204867
7 0.141717
8 0.097242
9 0.0669633
10 0.0457489
11 0.031551
12 0.0219824
13 0.015365
14 0.0103219
15 0.0073557
16 0.00520808
1 1.32458
2 0.908856
3 0.625179
4 0.430616
5 0.296584
6 0.204429
7 0.141022
8 0.0972506
9 0.0668659
10 0.0460226
11 0.0307919
12 0.0207007
13 0.0135681
14 0.00899155
15 0.00568208
16 0.00403232
1 1.32701
2 0.909627
3 0.625177
4 0.430366
5 0.296605
6 0.204727
7 0.141044
8 0.0970004
9 0.0669521
10 0.046207
11 0.0317814
12 0.0221039
13 0.0152746
14 0.0105174
15 0.00748553
16 0.00534209
1 1.32356
2 0.907289
3 0.624477
4 0.429766
5 0.295995
6 0.204141
7 0.14022
8 0.0964576
9 0.0661475
10 0.0457025
11 0.0323655
12 0.0226247
13 0.0160241
14 0.0109966
15 0.00766839
16 0.00555024
1 1.32248
2 0.906961
3 0.623772
4 0.429353
5 0.294733
6 0.202198
7 0.138309
8 0.0946525
9 0.0648339
10 0.0448203
11 0.0310102
12 0.0216454
13 0.0149155
14 0.0101302
15 0.00721697
16 0.0057007
1 1.32596
2 0.908785
3 0.625318
4 0.43066
5 0.296726
6 0.204792
7 0.141812
8 0.0983785
9 0.0682233
10 0.0465805
11 0.0314283
12 0.0215596
13 0.0147991
14 0.00978826
15 0.0062388
16 0.00416881
1 1.32598
2 0.910404
3 0.6269
4 0.431954
5 0.298061
6 0.205355
7 0.14136
8 0.0967089
9 0.0660388
10 0.0452055
11 0.0306502
12 0.0204654
13 0.0135512
14 0.00972841
15 0.00758295
16 0.00571372
1 1.32605
2 0.910096
3 0.626321
4 0.43112
5 0.297153
6 0.204768
7 0.141009
8 0.0968414
9 0.0664217
10 0.0457463
11 0.0311369
12 0.0212541
13 0.0143569
14 0.00997495
15 0.00729038
16 0.00519994
1 1.32493
2 0.908194
3 0.623894
4 0.429549
5 0.296059
6 0.203865
7 0.140386
8 0.0971034
9 0.0667583
10 0.0454013
11 0.0306478
12 0.0206534
13 0.0141721
14 0.00949716
15 0.00651087
16 0.00469686
1 1.32553
2 0.909787
3 0.625932
4 0.430883
5 0.295911
6 0.203183
7 0.139349
8 0.0961472
9 0.0666972
10 0.0465428
11 0.0325172
12 0.0229069
13 0.0160103
14 0.0119247
15 0.00890729
16 0.00589214
1 1.3251
2 0.908964
3 0.625363
4 0.430196
5 0.296067
6 0.203203
7 0.139549
8 0.0959876
9 0.0659325
10 0.0454571
11 0.0313161
12 0.022184
13 0.0157259
14 0.0110516
15 0.00811797
16 0.00645439
1 1.32614
2 0.910114
3 0.626568
4 0.431008
5 0.296872
6 0.204423
7 0.140203
8 0.0964141
9 0.066502
10 0.045881
11 0.0315226
12 0.0215154
13 0.0146561
14 0.0097065
15 0.00648275
16 0.00454759
1 1.32382
2 0.90777
3 0.624985
4 0.430818
5 0.297454
6 0.205058
7 0.141053
8 0.0971063
9 0.0670124
10 0.0467356
11 0.0326613
12 0.0220896
13 0.014587
14 0.0102847
15 0.00746207
16 0.00503779
1 1.32401
2 0.908004
3 0.624341
4 0.429374
5 0.294849
6 0.202563
7 0.139471
8 0.0953874
9 0.0653988
10 0.0455337
11 0.0321933
12 0.0226029
13 0.0163844
14 0.0118173
15 0.0082432
16 0.00563501
1 1.3243
2 0.907796
3 0.623667
4 0.428745
5 0.294634
6 0.202477
7 0.138983
8 0.0954251
9 0.065153
10 0.0446456
11 0.0309249
12 0.0212621
13 0.0149507
14 0.0108402
15 0.00817605
16 0.0058937
1 1.32465
2 0.9083
3 0.625298
4 0.431037
5 0.297271
6 0.204634
7 0.140126
8 0.0962977
9 0.0661197
10 0.0456559
11 0.0314951
12 0.0216005
13 0.0145564
14 0.00959958
15 0.00633488
16 0.00398596
1 1.32367
2 0.907136
3 0.623291
4 0.429035
5 0.295527
6 0.203599
7 0.140779
8 0.0972557
9 0.0674116
10 0.0464541
11 0.0318015
12 0.0216069
13 0.0143077
14 0.00897025
15 0.00599087
16 0.00434368
1 1.32514
2 0.909891
3 0.626789
4 0.432112
5 0.297551
6 0.204782
7 0.140903
8 0.0970304
9 0.066947
10 0.0461688
11 0.031574
12 0.0202832
13 0.0133451
14 0.00846811
15 0.0051788
16 0.0033786
1 1.32507
2 0.908032
3 0.624274
4 0.43007
5 0.295992
6 0.204325
7 0.14068
8 0.0975905
9 0.0675762
10 0.0465828
11 0.0317764
12 0.0223806
13 0.0161376
14 0.0117346
15 0.00853011
16 0.00601481
1 1.32505
2 0.908767
3 0.624512
4 0.429656
5 0.295733
6 0.203683
7 0.140801
8 0.0970035
9 0.0671288
10 0.0462184
11 0.031225
12 0.0213427
13 0.0144378
14 0.00977969
15 0.00682825
16 0.00476796
1 1.32622
2 0.90964
3 0.625781
4 0.430899
5 0.296679
6 0.204517
7 0.140314
8 0.0965993
9 0.0665594
10 0.0462057
11 0.0319082
12 0.0217454
13 0.0146575
14 0.00974234
15 0.00678884
16 0.00482313
1 1.32575
2 0.909114
3 0.62558
4 0.430432
5 0.297037
6 0.205064
7 0.141241
8 0.0972391
9 0.0674466
10 0.0466512
11 0.0320999
12 0.0223227
13 0.0154128
14 0.0106961
15 0.00705635
16 0.00481545
1 1.32362
2 0.907334
3 0.624012
4 0.429777
5 0.296373
6 0.204128
7 0.140662
8 0.0968222
9 0.0664189
10 0.0456658
11 0.0316195
12 0.0223527
13 0.0164116
14 0.0119647
15 0.00863868
16 0.00579616
1 1.32403
2 0.905727
3 0.622374
4 0.428206
5 0.295051
6 0.203276
7 0.140492
8 0.0965347
9 0.0663272
10 0.045511
11 0.0309095
12 0.0206557
13 0.0139261
14 0.00978199
15 0.00722856
16 0.00529381
1 1.32465
2 0.908582
3 0.624645
4 0.429448
5 0.295584
6 0.203302
7 0.139715
8 0.0968951
9 0.0672217
10 0.0462414
11 0.031722
12 0.0219523
13 0.0151232
14 0.010596
15 0.00772965
16 0.00508607
1 1.32355
2 0.907168
3 0.624049
4 0.429699
5 0.295784
6 0.203249
7 0.139517
8 0.0958969
9 0.0661565
10 0.0452425
11 0.0308554
12 0.0210788
13 0.0144093
14 0.00985521
15 0.00704352
16 0.005424
1 1.32351
2 0.906767
3 0.62333
4 0.428509
5 0.294445
6 0.202409
7 0.138991
8 0.0954608
9 0.0655087
10 0.0446505
11 0.030767
12 0.0217972
13 0.0153085
14 0.0106075
15 0.00700069
16 0.00459778
1 1.32445
2 0.907492
3 0.624132
4 0.429876
5 0.295954
6 0.203653
7 0.14029
8 0.095759
9 0.0659177
10 0.0452749
11 0.0310895
12 0.0210305
13 0.0141115
14 0.00939366
15 0.00612681
16 0.00367882
1 1.32311
2 0.90728
3 0.624352
4 0.429493
5 0.296367
6 0.204434
7 0.141243
8 0.0975755
9 0.0675292
10 0.0464295
11 0.0322581
12 0.0227243
13 0.0157316
14 0.0104419
15 0.00665672
16 0.0038203
1 1.32393
2 0.907917
3 0.624259
4 0.429949
5 0.296383
6 0.204569
7 0.140712
8 0.0968675
9 0.0661333
10 0.0456199
11 0.0309838
12 0.0209976
13 0.0136949
14 0.00927197
15 0.00609302
16 0.00409966
1 1.32662
2 0.90975
3 0.626333
4 0.430788
5 0.296657
6 0.204199
7 0.14133
8 0.0976387
9 0.0672755
10 0.0464571
11 0.0322183
12 0.0223111
13 0.0153097
14 0.0100439
15 0.00654821
16 0.0043319
1 1.32545
2 0.909345
3 0.625294
4 0.430396
5 0.296317
6 0.204816
7 0.141326
8 0.0978449
9 0.0679776
10 0.0475484
11 0.0335769
12 0.0232838
13 0.016308
14 0.0112313
15 0.00800237
16 0.00641217
1 1.32573
2 0.909015
3 0.62579
4 0.431181
5 0.296996
6 0.205245
7 0.141913
8 0.0983879
9 0.0685562
10 0.0476897
11 0.0333457
12 0.0237521
13 0.0167744
14 0.0122542
15 0.0089815
16 0.00617083
1 1.32481
2 0.908164
3 0.624098
4 0.429355
5 0.295193
6 0.20267
7 0.139796
8 0.0962334
9 0.0660527
10 0.0454364
11 0.0313323
12 0.0216828
13 0.0150825
14 0.0107812
15 0.008057
16 0.0051879
1 1.32283
2 0.907762
3 0.6249
4 0.430777
5 0.29653
6 0.203492
7 0.139523
8 0.0956771
9 0.0656042
10 0.0454601
11 0.0314011
12 0.0221105
13 0.0160066
14 0.0109838
15 0.0073822
16 0.00438668
1 1.3233
2 0.906714
3 0.622924
4 0.428273
5 0.294472
6 0.202423
7 0.139334
8 0.0959554
9 0.066274
10 0.0453461
11 0.031487
12 0.0219469
13 0.0146985
14 0.00998787
15 0.00686904
16 0.00449415
1 1.32219
2 0.906345
3 0.622545
4 0.427982
5 0.294083
6 0.202126
7 0.138784
8 0.0950818
9 0.0649108
10 0.0442753
11 0.0307213
12 0.0212347
13 0.0150642
14 0.010724
15 0.00771277
16 0.00595567
1 1.32377
2 0.907406
3 0.623891
4 0.429338
5 0.295835
6 0.203566
7 0.139753
8 0.0961392
9 0.0665618
10 0.0460421
11 0.0313074
12 0.0212993
13 0.0144082
14 0.00954091
15 0.00609337
16 0.00449357
1 1.3243
2 0.907462
3 0.62312
4 0.428469
5 0.294849
6 0.202708
7 0.138852
8 0.095674
9 0.0655327
10 0.0446028
11 0.030554
12 0.0208997
13 0.0148426
14 0.0100811
15 0.00677862
16 0.00490968
1 1.32549
2 0.90966
3 0.625938
4 0.43181
5 0.2977
6 0.205292
7 0.141313
8 0.0976915
9 0.0673095
10 0.046387
11 0.0323336
12 0.0223385
13 0.015131
14 0.0101873
15 0.00699126
16 0.00477115
1 1.32313
2 0.906614
3 0.622608
4 0.428105
5 0.293963
6 0.201418
7 0.138016
8 0.0947941
9 0.0649662
10 0.0444111
11 0.0301959
12 0.0207983
13 0.0144182
14 0.0101143
15 0.00687926
16 0.00467428
1 1.32551
2 0.909637
3 0.62657
4 0.431749
5 0.297861
6 0.205579
7 0.141746
8 0.0973713
9 0.0663398
10 0.0450655
11 0.0298289
12 0.0199488
13 0.0131132
14 0.00890213
15 0.0058799
16 0.00396047
1 1.32464
2 0.907806
3 0.624331
4 0.429218
5 0.295079
6 0.203488
7 0.140377
8 0.0973535
9 0.0674794
10 0.045748
11 0.0314105
12 0.0217813
13 0.014833
14 0.0103523
15 0.00757314
16 0.0054099
1 1.32498
2 0.908473
3 0.625214
4 0.430623
5 0.296591
6 0.203851
7 0.140494
8 0.0963557
9 0.0658802
10 0.0445829
11 0.0305761
12 0.0212238
13 0.014592
14 0.00993936
15 0.00731946
16 0.00515719
1 1.32221
2 0.907224
3 0.624146
4 0.429148
5 0.294989
6 0.203133
7 0.139708
8 0.0961134
9 0.066562
10 0.045914
11 0.031712
12 0.0217274
13 0.0147505
14 0.0100532
15 0.00649199
16 0.00393614
1 1.32286
2 0.905801
3 0.622388
4 0.427402
5 0.293326
6 0.201055
7 0.137748
8 0.0942167
9 0.0647279
10 0.0448056
11 0.0306008
12 0.0204119
13 0.0135011
14 0.00869867
15 0.00518817
16 0.00286443
1 1.32353
2 0.906752
3 0.622658
4 0.427674
5 0.294224
6 0.201877
7 0.138427
8 0.0952034
9 0.0664621
10 0.0466578
11 0.0333614
12 0.0239748
13 0.0170101
14 0.0123475
15 0.00926198
16 0.00687774
1 1.32445
2 0.908212
3 0.625406
4 0.430858
5 0.296352
6 0.204019
7 0.140055
8 0.0964565
9 0.0665779
10 0.0466146
11 0.0329812
12 0.0234263
13 0.0167239
14 0.0118175
15 0.00822727
16 0.00614402
1 1.32583
2 0.908797
3 0.625284
4 0.430507
5 0.296372
6 0.204499
7 0.141166
8 0.0969025
9 0.0670398
10 0.0461123
11 0.031995
12 0.0222039
13 0.0151035
14 0.00999367
15 0.00670612
16 0.00491463
1 1.32263
2 0.90554
3 0.622265
4 0.428555
5 0.295005
6 0.203002
7 0.140539
8 0.0970468
9 0.067023
10 0.0461586
11 0.031473
12 0.0216529
13 0.0152537
14 0.0113128
15 0.00809641
16 0.00585361
1 1.32505
2 0.907879
3 0.624737
4 0.430405
5 0.296872
6 0.204699
7 0.140717
8 0.0966221
9 0.0670453
10 0.0467048
11 0.0326906
12 0.0233826
13 0.0165362
14 0.011949
15 0.00821796
16 0.00516572
1 1.32599
2 0.91005
3 0.626681
4 0.430975
5 0.296871
6 0.204374
7 0.140344
8 0.0966102
9 0.0670632
10 0.0463494
11 0.0321474
12 0.0223681
13 0.0156241
14 0.0108632
15 0.00757706
16 0.00504377
1 1.3215
2 0.905499
3 0.622158
4 0.427879
5 0.2948
6 0.203395
7 0.140774
8 0.0973351
9 0.0676473
10 0.0464373
11 0.0315959
12 0.0213001
13 0.0142249
14 0.00949517
15 0.00651232
16 0.00425399
1 1.32507
2 0.908406
3 0.624215
4 0.429529
5 0.295393
6 0.202974
7 0.139447
8 0.0959232
9 0.0661943
10 0.0449761
11 0.0303824
12 0.0208303
13 0.0139426
14 0.00938096
15 0.00651547
16 0.00430566
1 1.32597
2 0.909144
3 0.624685
4 0.429491
5 0.29571
6 0.204013
7 0.140834
8 0.0969331
9 0.0665855
10 0.0459962
11 0.0319011
12 0.0217437
13 0.0147953
14 0.00996377
15 0.00700517
16 0.00502204
1 1.32521
2 0.907852
3 0.623597
4 0.428607
5 0.294518
6 0.202312
7 0.138562
8 0.0951586
9 0.0649567
10 0.0445844
11 0.0306995
12 0.0212703
13 0.0142101
14 0.00930281
15 0.00641572
16 0.00468573
1 1.32634
2 0.909727
3 0.625643
4 0.431064
5 0.297038
6 0.204905
7 0.141304
8 0.0975462
9 0.0671399
10 0.0460703
11 0.0322822
12 0.022608
13 0.0155839
14 0.0112266
15 0.00783899
16 0.00584439
1 1.32453
2 0.907918
3 0.624231
4 0.430021
5 0.295852
6 0.203533
7 0.139222
8 0.094828
9 0.0652554
10 0.0445907
11 0.0303066
12 0.0207343
13 0.0143296
14 0.010013
15 0.00709748
16 0.0050558
1 1.32489
2 0.908216
3 0.624522
4 0.429978
5 0.295912
6 0.203418
7 0.139855
8 0.0964615
9 0.0658379
10 0.045679
11 0.0315808
12 0.0217002
13 0.0153991
14 0.0108338
15 0.00798512
16 0.00560712
1 1.32349
2 0.906832
3 0.622656
4 0.427806
5 0.294577
6 0.202657
7 0.139854
8 0.0963625
9 0.0662097
10 0.0454997
11 0.03155
12 0.021732
13 0.0149933
14 0.0103004
15 0.00664028
16 0.00502294
1 1.32466
2 0.908001
3 0.624414
4 0.429663
5 0.295098
6 0.202911
7 0.139758
8 0.0963914
9 0.0660119
10 0.0453959
11 0.0312934
12 0.021434
13 0.014372
14 0.00962591
15 0.00640967
16 0.00332341
1 1.32207
2 0.906643
3 0.624352
4 0.430216
5 0.296503
6 0.204633
7 0.141494
8 0.0979006
9 0.0679586
10 0.0473831
11 0.0332448
12 0.0234041
13 0.0170559
14 0.0123109
15 0.00948013
16 0.00690778
1 1.32519
2 0.907646
3 0.623912
4 0.429674
5 0.295771
6 0.203418
7 0.140194
8 0.096503
9 0.0665779
10 0.046694
11 0.0326173
12 0.0228256
13 0.0161171
14 0.0111378
15 0.00796783
16 0.00607123
1 1.32398
2 0.906728
3 0.623135
4 0.428938
5 0.295747
6 0.204124
7 0.140983
8 0.0972164
9 0.066669
10 0.0455378
11 0.0312822
12 0.0218745
13 0.0150517
14 0.010576
15 0.00761859
16 0.00550339
1 1.32628
2 0.910128
3 0.627222
4 0.432547
5 0.297655
6 0.204565
7 0.140908
8 0.0973087
9 0.0674613
10 0.0466294
11 0.032484
12 0.0221397
13 0.0154405
14 0.0104639
15 0.00733271
16 0.0052866
1 1.32508
2 0.909029
3 0.626683
4 0.431577
5 0.297512
6 0.205081
7 0.141228
8 0.0972144
9 0.0661461
10 0.0445147
11 0.0300833
12 0.0203665
13 0.0137095
14 0.00929154
15 0.00659626
16 0.0042789
1 1.32517
2 0.909056
3 0.625676
4 0.431276
5 0.297147
6 0.205087
7 0.1408
8 0.0969014
9 0.0663654
10 0.0458575
11 0.0317154
12 0.0218699
13 0.0155339
14 0.0106837
15 0.00784062
16 0.00572958
1 1.32456
2 0.90832
3 0.624346
4 0.429485
5 0.294912
6 0.202769
7 0.139504
8 0.0965397
9 0.0664413
10 0.0459044
11 0.031614
12 0.0215975
13 0.0142122
14 0.00934551
15 0.00631093
16 0.00460294
1 1.32144
2 0.905238
3 0.621248
4 0.426662
5 0.292952
6 0.201534
7 0.138663
8 0.0954239
9 0.0655103
10 0.0447905
11 0.0309636
12 0.0214054
13 0.014983
14 0.0108745
15 0.0078927
16 0.00566397
1 1.32143
2 0.905129
3 0.621519
4 0.427436
5 0.293558
6 0.201263
7 0.137737
8 0.0945428
9 0.0649243
10 0.0440075
11 0.0304292
12 0.0214708
13 0.0153115
14 0.0112058
15 0.00822765
16 0.00569331
1 1.32501
2 0.909778
3 0.626431
4 0.431487
5 0.29669
6 0.204007
7 0.140333
8 0.0961564
9 0.0653064
10 0.0443521
11 0.0299464
12 0.0206485
13 0.013671
14 0.00897938
15 0.0057169
16 0.00366002
1 1.32303
2 0.906082
3 0.622888
4 0.428182
5 0.294417
6 0.202132
7 0.138609
8 0.0954487
9 0.0655162
10 0.0445601
11 0.0297451
12 0.0200567
13 0.0140136
14 0.00944729
15 0.00603721
16 0.0033418
1 1.3265
2 0.908953
3 0.624953
4 0.430098
5 0.295701
6 0.203941
7 0.140448
8 0.0970021
9 0.066614
10 0.0461545
11 0.0319817
12 0.0218559
13 0.0146462
14 0.0103571
15 0.00763764
16 0.00526246
1 1.32415
2 0.908186
3 0.624355
4 0.429898
5 0.295777
6 0.203721
7 0.140523
8 0.0965786
9 0.065962
10 0.0454346
11 0.0316512
12 0.0220548
13 0.0154918
14 0.01094
15 0.0075361
16 0.00487504
1 1.32446
2 0.907275
3 0.623789
4 0.428628
5 0.294472
6 0.202539
7 0.139257
8 0.0954738
9 0.0656753
10 0.0455222
11 0.0311327
12 0.021454
13 0.0150045
14 0.0105691
15 0.00700774
16 0.00442829
1 1.32469
2 0.907577
3 0.623541
4 0.428974
5 0.294726
6 0.20275
7 0.139634
8 0.095729
9 0.065199
10 0.0441777
11 0.0295601
12 0.0196045
13 0.0132482
14 0.00879301
15 0.0060141
16 0.00400208
1 1.32362
2 0.906584
3 0.623456
4 0.428914
5 0.295363
6 0.20338
7 0.139691
8 0.0957813
9 0.0656675
10 0.0453305
11 0.0312831
12 0.0215395
13 0.0149495
14 0.0102083
15 0.0071795
16 0.00499159
1 1.32447
2 0.908438
3 0.624507
4 0.42917
5 0.294653
6 0.202477
7 0.139057
8 0.0956561
9 0.0655734
10 0.045501
11 0.0314157
12 0.0218494
13 0.0152229
14 0.0108386
15 0.00777832
16 0.0052271
1 1.32434
2 0.908154
3 0.625155
4 0.430584
5 0.296233
6 0.203575
7 0.139706
8 0.0958009
9 0.0655615
10 0.0448
11 0.0303291
12 0.0208546
13 0.0143886
14 0.010637
15 0.00799871
16 0.00552757
1 1.32491
2 0.909093
3 0.625234
4 0.430472
5 0.297051
6 0.204675
7 0.140862
8 0.0971372
9 0.0669666
10 0.0465864
11 0.0321155
12 0.0226122
13 0.0156705
14 0.0104769
15 0.00676713
16 0.00406473
1 1.32679
2 0.909841
3 0.62555
4 0.429988
5 0.295503
6 0.203026
7 0.139438
8 0.096124
9 0.066476
10 0.0463534
11 0.0322321
12 0.0221644
13 0.0149575
14 0.00993769
15 0.00675999
16 0.00415088
1 1.32463
2 0.907401
3 0.623797
4 0.429201
5 0.295927
6 0.203948
7 0.140827
8 0.0973519
9 0.0679787
10 0.0478425
11 0.0334624
12 0.023045
13 0.0155732
14 0.0104252
15 0.00682968
16 0.00445032
1 1.32423
2 0.907802
3 0.624555
4 0.429852
5 0.296208
6 0.203904
7 0.140625
8 0.0971015
9 0.067755
10 0.0473497
11 0.0329515
12 0.0229497
13 0.0161483
14 0.0116158
15 0.00868149
16 0.0057611
1 1.32333
2 0.907096
3 0.623409
4 0.428687
5 0.294239
6 0.201549
7 0.13779
8 0.093941
9 0.0637258
10 0.0433099
11 0.0289833
12 0.0192268
13 0.0125918
14 0.00784226
15 0.00497219
16 0.00293179
1 1.32559
2 0.908482
3 0.624864
4 0.429639
5 0.295514
6 0.202709
7 0.138864
8 0.0951209
9 0.0652074
10 0.0445715
11 0.0297604
12 0.0196217
13 0.0126808
14 0.00797816
15 0.00511315
16 0.00321861
1 1.32571
2 0.909839
3 0.626817
4 0.432223
5 0.297908
6 0.205484
7 0.142261
8 0.0980809
9 0.0680928
10 0.0467595
11 0.0324477
12 0.0229403
13 0.0161741
14 0.0107599
15 0.00763372
16 0.00506846
1 1.32426
2 0.907821
3 0.624234
4 0.430234
5 0.296494
6 0.204529
7 0.140596
8 0.0964141
9 0.0665643
10 0.0463294
11 0.0322569
12 0.0225994
13 0.0160968
14 0.0115226
15 0.00826509
16 0.00596807
1 1.32667
2 0.911079
3 0.627297
4 0.432405
5 0.29785
6 0.20576
7 0.142363
8 0.0979044
9 0.067187
10 0.0458871
11 0.0306751
12 0.0204144
13 0.0134613
14 0.00910146
15 0.00605016
16 0.00365356
1 1.32491
2 0.909231
3 0.62602
4 0.431088
5 0.29633
6 0.204608
7 0.141346
8 0.0975127
9 0.0674598
10 0.0461644
11 0.0318154
12 0.0224691
13 0.0154727
14 0.0101567
15 0.00705273
16 0.00447577
1 1.32691
2 0.910119
3 0.626083
4 0.430929
5 0.296425
6 0.203984
7 0.140724
8 0.0969366
9 0.0668453
10 0.0466623
11 0.0324998
12 0.0224585
13 0.0157625
14 0.0107661
15 0.00727362
16 0.00483359
1 1.32665
2 0.909874
3 0.626158
4 0.431554
5 0.297464
6 0.204902
7 0.141822
8 0.0982524
9 0.0679547
10 0.047588
11 0.0333762
12 0.0233338
13 0.0165982
14 0.0116339
15 0.00792152
16 0.0055932
1 1.3239
2 0.907445
3 0.623601
4 0.428706
5 0.294689
6 0.202834
7 0.139592
8 0.0960858
9 0.0661764
10 0.0460219
11 0.0320602
12 0.0226994
13 0.0165727
14 0.0115651
15 0.0080737
16 0.00548854
1 1.32355
2 0.90723
3 0.623456
4 0.429226
5 0.295743
6 0.203644
7 0.140514
8 0.0965816
9 0.0666501
10 0.0460123
11 0.0313829
12 0.0217667
13 0.0150827
14 0.010054
15 0.006629
16 0.00415425
1 1.32394
2 0.908044
3 0.624575
4 0.428941
5 0.294617
6 0.202627
7 0.139574
8 0.0955969
9 0.0652969
10 0.0447457
11 0.0302612
12 0.0211197
13 0.0147827
14 0.0104587
15 0.00681649
16 0.00469087
1 1.32496
2 0.907628
3 0.623791
4 0.428649
5 0.294421
6 0.202007
7 0.138504
8 0.0948769
9 0.0653188
10 0.0450609
11 0.0306259
12 0.0205978
13 0.0141332
14 0.00930615
15 0.00598902
16 0.0041367
1 1.32341
2 0.90721
3 0.623878
4 0.429058
5 0.29502
6 0.20299
7 0.139976
8 0.0962595
9 0.0663074
10 0.0457667
11 0.0321005
12 0.0229634
13 0.0165442
14 0.0120984
15 0.008653
16 0.00652902
1 1.32376
2 0.907854
3 0.62419
4 0.429576
5 0.295331
6 0.203322
7 0.139776
8 0.0959768
9 0.0653884
10 0.0449391
11 0.031222
12 0.0221179
13 0.0158039
14 0.0106911
15 0.00724692
16 0.0051818
1 1.32438
2 0.907161
3 0.623308
4 0.429229
5 0.295551
6 0.203046
7 0.139974
8 0.0967779
9 0.0661516
10 0.0451077
11 0.0306024
12 0.0209314
13 0.0147118
14 0.0101146
15 0.00671753
16 0.00524107
1 1.32337
2 0.907451
3 0.623952
4 0.429468
5 0.295505
6 0.203689
7 0.140509
8 0.0968616
9 0.0665365
10 0.0461451
11 0.0321164
12 0.0218427
13 0.0153189
14 0.0109187
15 0.0078135
16 0.00523803
1 1.32444
2 0.909017
3 0.625666
4 0.430648
5 0.296049
6 0.20295
7 0.139214
8 0.0957876
9 0.0659352
10 0.0453379
11 0.0314458
12 0.0219285
13 0.0150286
14 0.00965054
15 0.0064466
16 0.00449494
1 1.32431
2 0.907676
3 0.624487
4 0.429742
5 0.295712
6 0.203438
7 0.139874
8 0.096278
9 0.0665777
10 0.0462112
11 0.0317363
12 0.0218856
13 0.0155109
14 0.0108295
15 0.007365
16 0.00462143
1 1.32545
2 0.909623
3 0.625957
4 0.431545
5 0.297755
6 0.205427
7 0.141573
8 0.098022
9 0.0674711
10 0.0464086
11 0.031681
12 0.021422
13 0.0145704
14 0.0106547
15 0.0076763
16 0.00519853
1 1.32453
2 0.908433
3 0.625252
4 0.431251
5 0.297458
6 0.205349
7 0.141775
8 0.0971286
9 0.066672
10 0.0455323
11 0.0311077
12 0.0211068
13 0.0145933
14 0.0101475
15 0.00709788
16 0.00447639
1 1.32434
2 0.907196
3 0.623118
4 0.428049
5 0.294175
6 0.201759
7 0.13816
8 0.0942246
9 0.0640156
10 0.0431166
11 0.0290172
12 0.0199578
13 0.0137278
14 0.00934811
15 0.006792
16 0.00482155
1 1.32269
2 0.905745
3 0.622418
4 0.427911
5 0.294103
6 0.202629
7 0.13955
8 0.0960654
9 0.0659735
10 0.0448379
11 0.0305863
12 0.0211123
13 0.0143033
14 0.00945999
15 0.00611522
16 0.00393895
1 1.32467
2 0.908596
3 0.625352
4 0.430983
5 0.297354
6 0.205304
7 0.141166
8 0.0971123
9 0.0666448
10 0.0461864
11 0.0322942
12 0.0220535
13 0.0152038
14 0.00988871
15 0.00671308
16 0.00411694
1 1.32618
2 0.90999
3 0.62631
4 0.431735
5 0.298365
6 0.206159
7 0.142229
8 0.0974996
9 0.06655
10 0.0451324
11 0.0305932
12 0.0209589
13 0.0140966
14 0.00919159
15 0.00588276
16 0.00394388
1 1.32504
2 0.908023
3 0.624747
4 0.429988
5 0.296086
6 0.204346
7 0.141237
8 0.0970925
9 0.0666514
10 0.0457066
11 0.0315748
12 0.0211538
13 0.0142244
14 0.00924956
15 0.00588376
16 0.00373773
1 1.32376
2 0.906573
3 0.623039
4 0.428861
5 0.295328
6 0.20339
7 0.140105
8 0.0968986
9 0.067127
10 0.0459494
11 0.0316651
12 0.0216587
13 0.0149604
14 0.0104066
15 0.0077261
16 0.00630814
1 1.32366
2 0.90802
3 0.6255
4 0.431014
5 0.297436
6 0.205325
7 0.142094
8 0.0984116
9 0.0678408
10 0.0467084
11 0.0320614
12 0.0220833
13 0.0156037
14 0.0102833
15 0.00732733
16 0.00558945
1 1.32531
2 0.908539
3 0.624883
4 0.429864
5 0.296183
6 0.203486
7 0.139607
8 0.0956635
9 0.0653609
10 0.044572
11 0.0302097
12 0.0204885
13 0.0137456
14 0.00923967
15 0.0062984
16 0.00426752
1 1.32466
2 0.908268
3 0.624273
4 0.429629
5 0.29571
6 0.203469
7 0.1398
8 0.0963254
9 0.0661471
10 0.045368
11 0.0313969
12 0.0219657
13 0.0157824
14 0.0106064
15 0.00732039
16 0.00494728
1 1.32293
2 0.906638
3 0.6231
4 0.428601
5 0.295402
6 0.203341
7 0.139842
8 0.0957273
9 0.0657376
10 0.0451331
11 0.0311057
12 0.0219263
13 0.0152607
14 0.0104415
15 0.00761182
16 0.0052867
1 1.32431
2 0.907319
3 0.623345
4 0.428374
5 0.294113
6 0.201991
7 0.138754
8 0.0956607
9 0.0660942
10 0.0452792
11 0.0310872
12 0.021434
13 0.0148528
14 0.0102066
15 0.00733517
16 0.00514108
1 1.32435
2 0.907244
3 0.622827
4 0.42779
5 0.293094
6 0.200918
7 0.13732
8 0.0932925
9 0.063253
10 0.042992
11 0.0290964
12 0.0191162
13 0.0121338
14 0.00691619
15 0.00394272
16 0.00266521
1 1.32237
2 0.906432
3 0.623565
4 0.430281
5 0.296563
6 0.204602
7 0.141017
8 0.0972251
9 0.0664461
10 0.0455834
11 0.0313443
12 0.0216541
13 0.0150737
14 0.0102344
15 0.00698496
16 0.00461948
1 1.32506
2 0.908553
3 0.625068
4 0.429962
5 0.295558
6 0.203298
7 0.139826
8 0.0960492
9 0.0656797
10 0.0453284
11 0.0316025
12 0.0222755
13 0.0154409
14 0.0107514
15 0.00745617
16 0.00525295
1 1.32568
2 0.908554
3 0.624253
4 0.429084
5 0.295636
6 0.203689
7 0.140028
8 0.0966648
9 0.0669073
10 0.0464937
11 0.0322512
12 0.022326
13 0.0156633
14 0.0110422
15 0.00772962
16 0.00539499
1 1.32517
2 0.907586
3 0.62297
4 0.42703
5 0.292586
6 0.200747
7 0.137628
8 0.0941384
9 0.064367
10 0.043931
11 0.029556
12 0.0203098
13 0.0143595
14 0.0102051
15 0.00729889
16 0.00557013
1 1.32512
2 0.909025
3 0.625367
4 0.430806
5 0.297004
6 0.204807
7 0.140836
8 0.096308
9 0.0662383
10 0.0463395
11 0.0327261
12 0.022891
13 0.016416
14 0.0121003
15 0.00910677
16 0.00748306
1 1.32576
2 0.908734
3 0.624613
4 0.429621
5 0.296261
6 0.20391
7 0.139597
8 0.0959107
9 0.0659093
10 0.0455154
11 0.0310748
12 0.0211335
13 0.0143769
14 0.00955824
15 0.00656482
16 0.00506779
1 1.32396
2 0.908331
3 0.625033
4 0.430354
5 0.296742
6 0.20455
7 0.140806
8 0.0970863
9 0.0666513
10 0.0456638
11 0.031238
12 0.0213305
13 0.0145498
14 0.0100003
15 0.00663787
16 0.00437292
1 1.32456
2 0.907551
3 0.623684
4 0.428718
5 0.294905
6 0.202757
7 0.139201
8 0.0958863
9 0.0662647
10 0.0464189
11 0.0323262
12 0.0223243
13 0.0149746
14 0.00984418
15 0.00646154
16 0.0042221
1 1.32448
2 0.906655
3 0.623478
4 0.429186
5 0.295588
6 0.203779
7 0.140409
8 0.0964363
9 0.0665565
10 0.0459212
11 0.0314883
12 0.0213547
13 0.0144997
14 0.00996957
15 0.00714087
16 0.00533656
1 1.3251
2 0.909312
3 0.625225
4 0.430026
5 0.295361
6 0.203356
7 0.139752
8 0.0966954
9 0.0666475
10 0.045861
11 0.0317597
12 0.0217148
13 0.0149607
14 0.0104891
15 0.00689935
16 0.00411045
1 1.32451
2 0.906932
3 0.62234
4 0.427087
5 0.292673
6 0.201127
7 0.137829
8 0.0943018
9 0.0643834
10 0.0440484
11 0.0305004
12 0.0212981
13 0.0149036
14 0.0101082
15 0.00670354
16 0.00479817
1 1.32571
2 0.909202
3 0.625324
4 0.429943
5 0.295446
6 0.203517
7 0.139854
8 0.0963025
9 0.0659263
10 0.0452503
11 0.030719
12 0.0208257
13 0.0143042
14 0.00984388
15 0.00713433
16 0.00523901
1 1.32456
2 0.909176
3 0.625521
4 0.430404
5 0.296026
6 0.204068
7 0.140951
8 0.0972499
9 0.0674212
10 0.0468187
11 0.0321643
12 0.0220645
13 0.0151476
14 0.0103046
15 0.00688998
16 0.00438418
1 1.32534
2 0.908229
3 0.623875
4 0.428878
5 0.294878
6 0.203005
7 0.139644
8 0.0968786
9 0.0674764
10 0.0464096
11 0.0323209
12 0.0223294
13 0.0153665
14 0.0103563
15 0.00693042
16 0.00413148
1 1.32385
2 0.907646
3 0.624014
4 0.429496
5 0.29618
6 0.203963
7 0.140803
8 0.0971547
9 0.0670571
10 0.0456679
11 0.0316015
12 0.0214722
13 0.0149413
14 0.0100331
15 0.00674959
16 0.00455404
1 1.32465
2 0.908314
3 0.625069
4 0.431098
5 0.2972
6 0.204438
7 0.140542
8 0.0967912
9 0.0662988
10 0.0457078
11 0.0318161
12 0.021868
13 0.0150736
14 0.0105849
15 0.00792443
16 0.00614003
1 1.32429
2 0.907999
3 0.624819
4 0.430293
5 0.296074
6 0.203836
7 0.140453
8 0.0965403
9 0.0665808
10 0.0455772
11 0.0311831
12 0.0216102
13 0.0150706
14 0.0100357
15 0.00637827
16 0.00442283
1 1.32411
2 0.907043
3 0.623545
4 0.429064
5 0.29564
6 0.203387
7 0.139478
8 0.0955032
9 0.065299
10 0.0445455
11 0.0301332
12 0.0213696
13 0.0149919
14 0.0101275
15 0.00669259
16 0.00450461
1 1.32327
2 0.907166
3 0.6246
4 0.429575
5 0.295528
6 0.203461
7 0.139619
8 0.0956529
9 0.0657308
10 0.0449423
11 0.0309746
12 0.0214245
13 0.014435
14 0.0100075
15 0.00695471
16 0.00500602
1 1.32469
2 0.908647
3 0.625033
4 0.430591
5 0.296314
6 0.204241
7 0.140616
8 0.0971289
9 0.0668093
10 0.0461533
11 0.0317111
12 0.022177
13 0.0153701
14 0.0110164
15 0.00746697
16 0.00533428
1 1.32647
2 0.90941
3 0.624419
4 0.429068
5 0.294513
6 0.202405
7 0.139379
8 0.095977
9 0.066143
10 0.0456839
11 0.0313577
12 0.0214831
13 0.0144879
14 0.00980505
15 0.00705358
16 0.00476573
1 1.32421
2 0.907533
3 0.624651
4 0.429685
5 0.296003
6 0.204186
7 0.141098
8 0.0974819
9 0.0675105
10 0.0470851
11 0.0323141
12 0.0223694
13 0.0152172
14 0.0108794
15 0.007748
16 0.00618407
1 1.32457
2 0.907809
3 0.623476
4 0.42899
5 0.295377
6 0.203383
7 0.140191
8 0.0970163
9 0.0669603
10 0.0463447
11 0.0325795
12 0.0223478
13 0.0151169
14 0.0100784
15 0.00657922
16 0.0047181
1 1.32677
2 0.910133
3 0.626764
4 0.431795
5 0.297849
6 0.205276
7 0.141467
8 0.0970509
9 0.0664708
10 0.0449221
11 0.0305906
12 0.0208989
13 0.0136021
14 0.00926306
15 0.00576903
16 0.00393817
1 1.32473
2 0.908372
3 0.624293
4 0.428843
5 0.294888
6 0.202287
7 0.138813
8 0.0953522
9 0.0657978
10 0.0454913
11 0.0311317
12 0.0210282
13 0.0136071
14 0.00830513
15 0.00479454
16 0.00239238
1 1.32659
2 0.910595
3 0.626725
4 0.432117
5 0.297866
6 0.20502
7 0.141041
8 0.0972985
9 0.0674696
10 0.0467687
11 0.0320676
12 0.0220352
13 0.0149901
14 0.00993554
15 0.00660432
16 0.00505426
1 1.32324
2 0.907766
3 0.62423
4 0.429698
5 0.295902
6 0.203876
7 0.14044
8 0.0966604
9 0.0666334
10 0.0459957
11 0.0316519
12 0.0220035
13 0.0156713
14 0.010229
15 0.00697757
16 0.00447818
1 1.32214
2 0.906064
3 0.622838
4 0.427699
5 0.29395
6 0.201167
7 0.138026
8 0.0950435
9 0.0653999
10 0.0453226
11 0.0312432
12 0.0211756
13 0.0150747
14 0.0108231
15 0.00799559
16 0.00655867
1 1.32292
2 0.906317
3 0.62249
4 0.42755
5 0.293712
6 0.202328
7 0.139509
8 0.096338
9 0.0667341
10 0.0461129
11 0.0318353
12 0.0211578
13 0.0139963
14 0.0094264
15 0.00594135
16 0.00369617
1 1.32721
2 0.911094
3 0.626971
4 0.431925
5 0.297354
6 0.205161
7 0.140687
8 0.0965985
9 0.0666399
10 0.0457556
11 0.0311734
12 0.0214666
13 0.014955
14 0.0101581
15 0.00731033
16 0.0049981
1 1.325
2 0.90907
3 0.625228
4 0.429916
5 0.29628
6 0.204258
7 0.140686
8 0.0972735
9 0.0670757
10 0.0460913
11 0.0317367
12 0.022097
13 0.0159499
14 0.0111692
15 0.00728895
16 0.00499314
1 1.32637
2 0.909481
3 0.625469
4 0.429968
5 0.295879
6 0.203832
7 0.140426
8 0.0967734
9 0.0670448
10 0.0463139
11 0.0323857
12 0.0227085
13 0.016067
14 0.0112153
15 0.0081407
16 0.00566098
1 1.32578
2 0.909951
3 0.626512
4 0.431482
5 0.297703
6 0.205754
7 0.141788
8 0.0978032
9 0.0677461
10 0.0469272
11 0.0327394
12 0.0225627
13 0.0156316
14 0.0109253
15 0.00793966
16 0.00562315
1 1.32494
2 0.908881
3 0.625434
4 0.430908
5 0.296821
6 0.204803
7 0.141526
8 0.0975776
9 0.0671735
10 0.046696
11 0.032753
12 0.023476
13 0.0168737
14 0.0119511
15 0.008449
16 0.00589289
1 1.32306
2 0.906129
3 0.622574
4 0.428371
5 0.29449
6 0.202422
7 0.139206
8 0.0958547
9 0.0666359
10 0.0465869
11 0.031722
12 0.021831
13 0.0155805
14 0.0110145
15 0.0082494
16 0.00666014
1 1.32273
2 0.906075
3 0.622721
4 0.42898
5 0.29572
6 0.20399
7 0.140673
8 0.0973118
9 0.0669011
10 0.0463214
11 0.0320577
12 0.0217791
13 0.01524
14 0.0108683
15 0.00779036
16 0.00527401
1 1.32419
2 0.907715
3 0.62437
4 0.429874
5 0.296049
6 0.203619
7 0.140083
8 0.0966391
9 0.0659069
10 0.0446666
11 0.0305629
12 0.0210841
13 0.0142842
14 0.0101697
15 0.00743601
16 0.00539022
1 1.32355
2 0.90655
3 0.622847
4 0.428147
5 0.294545
6 0.202471
7 0.139169
8 0.0956642
9 0.0656514
10 0.0445632
11 0.0299017
12 0.0198672
13 0.0131929
14 0.00910039
15 0.0064661
16 0.00455191
1 1.32523
2 0.908371
3 0.624136
4 0.428705
5 0.294815
6 0.202572
7 0.139569
8 0.0957235
9 0.0657106
10 0.0454348
11 0.0311066
12 0.0211994
13 0.0145796
14 0.00984861
15 0.00684886
16 0.00453418
1 1.32253
2 0.905697
3 0.622506
4 0.427846
5 0.294219
6 0.202413
7 0.138679
8 0.095307
9 0.0644943
10 0.0435309
11 0.0291476
12 0.0197723
13 0.013572
14 0.00938096
15 0.00658364
16 0.00423548
1 1.32598
2 0.91028
3 0.627121
4 0.432281
5 0.298294
6 0.206294
7 0.143068
8 0.0991191
9 0.0688224
10 0.048191
11 0.0338048
12 0.023552
13 0.0164115
14 0.0107056
15 0.00710146
16 0.00468505
1 1.32513
2 0.90872
3 0.624724
4 0.430109
5 0.296357
6 0.204599
7 0.141453
8 0.0976391
9 0.067145
10 0.0461138
11 0.0313161
12 0.0213021
13 0.0148083
14 0.00998999
15 0.00705782
16 0.00434888
1 1.32477
2 0.908071
3 0.624906
4 0.42998
5 0.29581
6 0.203176
7 0.139626
8 0.0955608
9 0.0656761
10 0.0454061
11 0.0311155
12 0.021063
13 0.0147124
14 0.00977042
15 0.00667718
16 0.00413935
1 1.3251
2 0.908332
3 0.623695
4 0.428758
5 0.294334
6 0.202063
7 0.138998
8 0.0962155
9 0.0662165
10 0.0456595
11 0.0307528
12 0.0206495
13 0.0147097
14 0.00975352
15 0.00659691
16 0.00429363
1 1.32635
2 0.909574
3 0.625989
4 0.431062
5 0.296864
6 0.204692
7 0.14098
8 0.097231
9 0.0669944
10 0.0462278
11 0.0316155
12 0.0214972
13 0.0139433
14 0.00843326
15 0.00530341
16 0.00368661
1 1.32046
2 0.904489
3 0.62147
4 0.427254
5 0.293998
6 0.202185
7 0.138893
8 0.09598
9 0.066027
10 0.0457564
11 0.0309381
12 0.0209105
13 0.0144388
14 0.00988057
15 0.00667657
16 0.00450108
1 1.32409
2 0.907238
3 0.623069
4 0.428089
5 0.294447
6 0.20228
7 0.139245
8 0.0962169
9 0.0664067
10 0.0455922
11 0.0316013
12 0.0220924
13 0.0154138
14 0.0114876
15 0.00857587
16 0.00593084
1 1.32405
2 0.907605
3 0.624046
4 0.429351
5 0.295868
6 0.204228
7 0.141248
8 0.0977243
9 0.067242
10 0.0465417
11 0.0320103
12 0.0223562
13 0.0149595
14 0.0104943
15 0.00746638
16 0.00537565
1 1.32437
2 0.907785
3 0.623342
4 0.428707
5 0.294601
6 0.202126
7 0.138715
8 0.0951669
9 0.0656411
10 0.0451419
11 0.0311902
12 0.0218577
13 0.0148287
14 0.0101458
15 0.00730026
16 0.00526806
1 1.3241
2 0.908291
3 0.624928
4 0.430073
5 0.296388
6 0.204134
7 0.140481
8 0.0966296
9 0.0665671
10 0.0458783
11 0.0314882
12 0.0216212
13 0.0142698
14 0.00956227
15 0.00649892
16 0.0044371
1 1.32676
2 0.909883
3 0.625775
4 0.430318
5 0.296113
6 0.203984
7 0.140669
8 0.0966725
9 0.0662339
10 0.0448183
11 0.030221
12 0.0201895
13 0.0133976
14 0.00865795
15 0.00502321
16 0.00282133
1 1.32287
2 0.90687
3 0.623316
4 0.428877
5 0.294579
6 0.201818
7 0.138231
8 0.094586
9 0.0653014
10 0.0450356
11 0.0309287
12 0.0209609
13 0.0145253
14 0.0106623
15 0.00780838
16 0.00573554
1 1.32357
2 0.907093
3 0.623895
4 0.42874
5 0.294912
6 0.202724
7 0.139444
8 0.096455
9 0.0668973
10 0.0463141
11 0.0323045
12 0.0229117
13 0.0166779
14 0.012096
15 0.00875527
16 0.00633778
1 1.32498
2 0.907875
3 0.623856
4 0.429257
5 0.295647
6 0.203475
7 0.140243
8 0.096964
9 0.0665222
10 0.0454273
11 0.0309042
12 0.0212657
13 0.0146338
14 0.0102124
15 0.00702039
16 0.00463231
1 1.32542
2 0.909015
3 0.624665
4 0.430317
5 0.296396
6 0.204432
7 0.140857
8 0.0973636
9 0.067321
10 0.0464099
11 0.0323975
12 0.023076
13 0.0158955
14 0.0109693
15 0.00789486
16 0.00577282
1 1.32518
2 0.908212
3 0.623893
4 0.42898
5 0.29541
6 0.203255
7 0.139807
8 0.0959851
9 0.0662384
10 0.0456891
11 0.031609
12 0.0216805
13 0.0147982
14 0.0103774
15 0.00712041
16 0.00453377
1 1.32636
2 0.909564
3 0.626152
4 0.430866
5 0.296088
6 0.20394
7 0.139603
8 0.0964247
9 0.0666141
10 0.0459881
11 0.0322655
12 0.022143
13 0.0157982
14 0.0119508
15 0.00886699
16 0.00656163
1 1.32381
2 0.90704
3 0.623349
4 0.428589
5 0.295012
6 0.202961
7 0.139364
8 0.0963514
9 0.066613
10 0.0464459
11 0.0327095
12 0.0228994
13 0.0162558
14 0.0117054
15 0.0085824
16 0.00622983
1 1.32623
2 0.909523
3 0.625022
4 0.429414
5 0.295145
6 0.202305
7 0.138248
8 0.0941764
9 0.0640186
10 0.0435259
11 0.0298993
12 0.0207655
13 0.0146819
14 0.0108737
15 0.00851191
16 0.00675705
1 1.32729
2 0.909865
3 0.626323
4 0.431414
5 0.29756
6 0.20603
7 0.142823
8 0.0988353
9 0.0687203
10 0.0476615
11 0.0331195
12 0.0229602
13 0.0157918
14 0.0109952
15 0.00807332
16 0.00553789
1 1.32435
2 0.9077
3 0.625094
4 0.430929
5 0.29717
6 0.204939
7 0.141546
8 0.0977916
9 0.0673071
10 0.0463849
11 0.0318024
12 0.021915
13 0.0151196
14 0.0102786
15 0.00681502
16 0.00446156
1 1.32428
2 0.90902
3 0.626066
4 0.431574
5 0.297432
6 0.205738
7 0.142378
8 0.0984084
9 0.068023
10 0.04698
11 0.0323364
12 0.022103
13 0.0154392
14 0.011426
15 0.00813358
16 0.00596924
1 1.32499
2 0.908575
3 0.624928
4 0.429765
5 0.295306
6 0.203358
7 0.139869
8 0.0959518
9 0.0655682
10 0.045099
11 0.0307612
12 0.0210883
13 0.0144503
14 0.0102372
15 0.00721543
16 0.00485607
1 1.32271
2 0.90616
3 0.622969
4 0.428197
5 0.294352
6 0.202544
7 0.138798
8 0.0952984
9 0.0657612
10 0.0455967
11 0.0312331
12 0.0219411
13 0.0152083
14 0.0105216
15 0.007092
16 0.00496735
1 1.32408
2 0.907003
3 0.623439
4 0.429009
5 0.295616
6 0.203779
7 0.140494
8 0.0967227
9 0.0669473
10 0.0454387
11 0.0310891
12 0.0212308
13 0.014131
14 0.00904431
15 0.00612339
16 0.00425573
1 1.3253
2 0.90819
3 0.623917
4 0.428758
5 0.295305
6 0.203153
7 0.139741
8 0.0963114
9 0.0665477
10 0.0457118
11 0.0315041
12 0.0217499
13 0.015044
14 0.0107839
15 0.00748755
16 0.0055693
1 1.32516
2 0.90833
3 0.625181
4 0.43073
5 0.296618
6 0.204563
7 0.141628
8 0.0978742
9 0.0676925
10 0.0467031
11 0.0321257
12 0.0222345
13 0.0153576
14 0.0111006
15 0.00755557
16 0.0053938
1 1.32368
2 0.907416
3 0.624114
4 0.429342
5 0.294941
6 0.202007
7 0.13849
8 0.0949694
9 0.0655877
10 0.0451267
11 0.0311848
12 0.0214629
13 0.0149618
14 0.0105555
15 0.00721218
16 0.00550102
1 1.32746
2 0.910694
3 0.627113
4 0.432267
5 0.298004
6 0.206088
7 0.142846
8 0.0988326
9 0.0686357
10 0.0473193
11 0.0324722
12 0.0225633
13 0.0150705
14 0.0102698
15 0.0076414
16 0.00612339
1 1.32466
2 0.908435
3 0.625077
4 0.429943
5 0.295606
6 0.203492
7 0.139638
8 0.0959803
9 0.0661476
10 0.0452973
11 0.0309245
12 0.0216179
13 0.014785
14 0.0106008
15 0.00832158
16 0.00689109
1 1.32318
2 0.906696
3 0.623359
4 0.428979
5 0.294631
6 0.202376
7 0.139343
8 0.0961777
9 0.0663835
10 0.0454359
11 0.0308802
12 0.0205812
13 0.0140863
14 0.00982764
15 0.00680692
16 0.00448964
1 1.32545
2 0.909235
3 0.625106
4 0.429777
5 0.296112
6 0.20375
7 0.139657
8 0.0958671
9 0.0661637
10 0.0459851
11 0.0320766
12 0.0231052
13 0.0167787
14 0.0123866
15 0.00853249
16 0.00661476
